2563422366
7272779914
7279928888
7278691218
6365835160
9015258796
6037155718
7734191775
2169398584
2165631139
4434773053
2032479383
9413120327
6625638901
7609415410
9076883867
4085093083
4253773310
3607934318
2157572286
2143910820
2154721198
3023230403
8568811625
2054811901
9042250217
7135036837
8324673932
9376254241
2017670615
4078505791
6503455953
2489488211
5093092136
7089298404
8086235757
5089478078
8433475806
7328311764
2037542574
2037544484
4024310090
9155936246
2282248142
3186219910
3186865675
6182521850
9173485348
9516810797
8302140716
2154410706
3148312825
3185031824
3187915493
3144818458
9512544547
7733019261
8328835573
8632148939
8133319782
8139631592
4157500102
3307591449
3306380165
3179877051
9497704040
5058636408
2073592459
4235794503
3019853714
2284715843
3365203858
8322768692
2812568064
5612154607
7062677248
7866619031
3058290043
9096296828
6014336313
2144543568
9723226924
3363422214
3364328586
9014859664
9018287545
9013143438
2012869467
2017913735
2769402704
3093343274
5809215366
4177325804
8609401203
3014602220
8036091587
8324525573
2179719515
2179719517
2175466894
2176204997
2174255722
2174293098
6189736708
6188766012
7403760610
7403744404
7404345090
4198224229
4193889667
9098040819
8175385192
6033585345
8122652193
7155301287
7604017055
9033471491
9033422039
5203017193
8593350000
5732166402
2519702963
6786514665
9202310381
2025835909
2283137280
2283920925
2283133737
2565336243
9362693075
8123583455
9286814629
8595823851
8596245562
7157234665
6625473031
7853134323
7857767627
7852387284
5306742566
9098242502
8433728470
8433561333
8325826476
2094643340
2094232586
3523771090
2162243678
2162618454
6154795413
6154795861
7138546784
4073764506
8639840087
3177730730
6179531421
6094482606
7406238026
4144642073
5734360935
2174886239
8503130950
7134490311
8302615797
8167198020
8044541993
8166068063
8167373033
8162145028
3306993721
8324232736
2814857344
5037081509
5032974836
8503416896
8503320575
9046109878
5137522836
5137526663
3345679444
7076524305
2106804474
9132688384
5594342936
5594313510
5594311710
9376345087
3375048211
5635549834
5632643301
5635540877
8158303778
3605512269
7126435353
8308957783
2177891605
5172852094
2108183027
4194198115
4194199974
4198065774
3099289189
4195634470
7403411229
5044640980
6317474969
6315217994
6312735752
6157580721
9375246663
3024389664
9739940219
6313673353
6316922444
2563908581
5635822441
8014200260
3124932957
7082109072
2179322091
2105073814
3012132712
7345167876
7347963255
7313639765
6628388346
2819741905
8323718015
4099256298
2815343282
5154681931
8037642535
3305272602
7087070776
2813289689
3058913521
4192950694
7705097168
5613077473
5615065508
5616531835
7859696539
7852280659
8639029169
9184923734
9544417903
3308330407
3302687764
3302687916
3086231395
4066869112
2253686404
2259398517
2252486061
5123594968
2819649808
8328686460
2813546650
7655642543
2109953753
2109244273
6154808918
6158225077
9415921220
2395921220
3373320449
5157710392
5122594039
2562144942
4804884666
4176235472
9563838024
9564519311
9564518469
8017986626
7038890984
3525020243
4806715361
5042720304
5032677564
5035386588
5035546663
8702171973
8705236872
9373086599
7755605851
7755605220
5099810488
4066711936
5028191668
2105073814
8059752856
8054385065
2813890853
5627603182
9858733608
6624197368
2058363087
7852142903
2145548358
4698558703
2053680319
8169426086
7277544528
5594531421
9706413509
9702098664
3232403528
5129262474
3106958213
6082145658
6089384684
7175697999
6035831556
9038000003
9046072450
2142636863
9033566536
7328260213
9253777133
4179913193
4175018883
3052484313
2157369994
2093682625
2093273418
2093345118
2104780655
2105385655
5626021402
5625332855
4255778806
2144741455
4695835387
4694387620
5732253382
5732642671
3308533054
7165240807
7162058193
6156555419
6156556255
9097339116
9097710808
4024769217
8033560977
5639642308
8082569638
8084554104
4149441566
9785040521
5853348414
2547933074
2563923705
4012157470
4404777190
4409304900
8476691946
2563504171
8052015680
8053121738
8324522279
5625876803
2702402452
8646542507
6628388051
6628384676
8054892607
8054892697
2109225246
8036038579
8034089539
7027095490
9374089941
9374847942
2163159513
5172020911
8033177174
8644450270
2129352789
2405934143
3015932009
9188128196
9189339418
8432373711
8436027248
2095325467
3186351524
7158668941
9125856363
8323355068
9528918781
9547178744
9897526337
9378845095
9372945189
2628720774
9018338768
8603331677
2565050475
2565050447
2563026520
6628200435
8603466819
9013644860
4029341597
2178484528
2178533718
6612591555
3023370684
4104374185
7152558964
2513075274
2565066452
2565933310
4177799191
3108063017
3096914119
4048381017
2102868277
2107227594
2102679490
8084630700
8084950169
7344291744
9516546895
6239372218
8583373446
2023972423
9377465905
5157796160
8478319236
3073344050
2107248911
2106800714
5126426372
4252132174
4257473460
8434641897
9188456540
7733019674
7738538192
2814025625
9035924885
9035041412
6165945382
7628223245
8169250428
5122608881
5126269069
7377773543
6612684466
6613784334
6613989357
4237164075
4234799837
2089440566
7024312361
9516832424
8654256922
8655678693
8655761830
9073882643
8164377373
9564722982
9562931100
9564646692
3134365489
3864542315
2054292504
4257851578
4257857126
4252713083
2107907922
2109782375
8659842571
8033852079
6308084057
6302934552
9546101800
9547641012
9543367471
6315823446
7123858198
3096377487
7138280991
2814713538
2814711844
9376311724
9373222910
8157447933
6623282114
4408643626
4405321734
4408910764
7572771168
6313756035
5759360567
5754943917
2406203135
4109693630
3019121211
9898237609
3346631515
3345059504
3342983368
6147257328
4025755650
2815507778
4029333458
5738540634
5734381987
7147750191
9379628658
3527328398
4234755848
2702868465
2693664902
8307963513
5175478168
7157330032
5419610218
5413515581
8134862600
8138187995
2705348152
2108767853
8182800554
7859696539
7852280659
7577660629
6609885840
6604658910
2524786388
4027317400
7022633727
3016329502
8323437314
3464002306
6158676819
9175598193
2127371058
6466883152
4303334141
2294249432
9723333146
2053917563
2053671641
9095999825
3014220596
2404600664
4409640040
7144748292
6148165873
6142850431
9046835366
8175426673
7047244145
8038310949
7853502423
8184545627
3525871075
9722835503
2516492924
5307568874
4805136874
6013950473
8165669861
2699642991
8479917957
2174172910
6269123444
9723942835
3032429830
3037338127
9724928915
2086823516
2066976163
3343829541
3348922310
7175995144
7087704715
7083354105
2483059305
7862776973
3058249140
7278689067
8502232771
6055540394
6096987199
7022330553
4104917537
4109265557
2819029026
8325638224
8325638249
8505922366
9897920637
7202383529
3033670832
5188923109
8323407082
4236671935
4233671076
4232456398
8107362898
8103992462
8646387332
9204976158
5593751150
3163505993
3165540347
3052784703
8474681776
2518660542
7739784819
3122916861
3144873160
9038733569
7729245202
7725718585
7723331384
4698268116
9726790229
2548532662
5734863010
7602414121
4156439733
3344324854
8314219088
2626761673
3037892305
8642850059
7704139809
4348237228
3153632489
7864301013
8176754609
8596196399
2566931330
2566937102
2064277384
5029967962
5159652821
8037602377
6014468222
5106776466
7863659288
6194349390
8106868169
8066471401
2143498843
8324434897
6308977103
2819318285
6194827137
2534467733
2072329307
3526948094
2487149674
5405293707
9852620636
9852620593
3179658567
3176507827
5105860167
8636681618
6626999557
3145769974
6158262468
6155849380
6154913173
6154510253
6154520825
8154550575
9034320552
4193462290
9044777007
9047791628
8162408296
5029576644
8438216524
6065469766
3014234831
4109392333
9167527359
8568482869
2094853422
2095310991
5036616569
9163767854
2393003899
3309749254
3303725348
4804297840
6503655084
8123424588
8123431420
2393951410
8328530371
7138378944
2818919675
7405962197
2292418275
4796676982
4796670249
6162443498
8035533811
6199226049
6197492063
9363342677
9365366970
5122443524
5207237324
6158957348
9512470748
4787888974
7342164479
5129297692
4072865704
7166949174
4076668510
8033816767
5086495010
4012978168
3372322420
3378989129
7174481689
2106708340
2103914406
2106454406
9316844243
8432712355
7704982272
2815773511
2564541833
2568201531
5159784742
8438129104
8433229974
6109704051
3523908192
2186815469
4085513532
8185459541
8147894902
8152302405
4044933928
5025451724
6059254881
8108202872
7347171226
3376021971
3523777459
3522782937
4238993581
4076903974
9794227978
4076714710
8013911576
4357643172
3182787464
3187682600
8064412048
8067476175
9792391915
6199471913
3029989187
2813952674
2812357003
5044553195
8326544837
2814408949
3192947084
4408855835
5635475803
6238467543
8013724236
3108440596
8602052615
8606673185
3016450089
4234003426
4238435119
2535178891
8504628321
2163946447
3177361571
8634947526
2023283403
9034791130
5202236909
5209811237
4402336258
3137282209
2489675853
8032302226
4025823784
2057774547
6144789512
5053014613
9723943996
2102365940
3124465988
6788387667
8175764190
5739440001
8016788636
8016628550
4015685709
8176530323
9406918055
2404917545
7655368017
9139099085
2087656546
9545995556
9545234526
3475991990
9149686596
7087356041
9122325896
6414975332
6414778050
5122840700
5122725419
2105997096
4094344249
8632283954
8639833456
9032389908
4696930401
9402855050
2172854704
6612068823
2163173386
4436159162
8017735458
7402630845
7403261257
2169388235
6037985475
9013886698
2813371924
3252032445
3256425198
4088367287
4087411272
4088672478
3107798162
2565464773
4097525820
7179267071
5706953747
7178662556
3303620418
6152949599
7042978015
6152658322
7189491466
8597444900
2052556039
9043501541
7732748515
2564623904
2704980978
2707534241
5869480928
8562675608
7736408957
9713028150
4108380935
3023370554
3236467298
6013163094
6013464294
3374800964
7578279941
7739601365
2175036333
3522934553
9376981059
2056373958
3178487057
2067220407
4437720229
4106870555
9724639310
2025316345
2406194928
2077439308
4105741727
2147930628
7089833011
4438893231
5093965874
6076482155
6036699697
5745321392
9013803124
3307643034
2814959835
5095294342
2084664375
3866774694
3866774696
8654755225
9014281654
9016495952
2142436541
2145593328
2145598127
4357148114
2168628957
3195382618
7314203058
2146689815
4698926706
2102488207
4808606330
9187772168
9376260372
